> VTEC 2025 07 15 10 00 45.0 2 1 IONO00IGS1
 1 15 15   450000.0
   18.9200     0.0000     0.0000     0.0000     0.0000     0.0000     0.0000     0.0000     0.0000     0.0000     0.0000     0.0000     0.0000     0.0000     0.0000     0.0000
    3.0400     8.6100     0.0000     0.0000     0.0000     0.0000     0.0000     0.0000     0.0000     0.0000     0.0000     0.0000     0.0000     0.0000     0.0000     0.0000
   -6.4700     0.1000     1.7200     0.0000     0.0000     0.0000     0.0000     0.0000     0.0000     0.0000     0.0000     0.0000     0.0000     0.0000     0.0000     0.0000
   -1.5750    -1.3400    -1.1150    -0.0500     0.0000     0.0000     0.0000     0.0000     0.0000     0.0000     0.0000     0.0000     0.0000     0.0000     0.0000     0.0000
    2.1000    -0.5850     0.0450    -0.1150     0.1300     0.0000     0.0000     0.0000     0.0000     0.0000     0.0000     0.0000     0.0000     0.0000     0.0000     0.0000
    1.4350     0.8100    -0.4700     0.3600    -0.0900     0.0350     0.0000     0.0000     0.0000     0.0000     0.0000     0.0000     0.0000     0.0000     0.0000     0.0000
   -0.7550     0.4400    -0.0200     0.0500     0.2650    -0.0500    -0.0850     0.0000     0.0000     0.0000     0.0000     0.0000     0.0000     0.0000     0.0000     0.0000
   -0.1950    -0.3400     0.0500    -0.0450     0.1950    -0.0700     0.1150     0.0650     0.0000     0.0000     0.0000     0.0000     0.0000     0.0000     0.0000     0.0000
    0.1600     0.0950     0.1450    -0.5200     0.0700    -0.1200     0.0700    -0.1400     0.1100     0.0000     0.0000     0.0000     0.0000     0.0000     0.0000     0.0000
   -0.2050    -0.2500     0.4850    -0.0700    -0.3950     0.2250    -0.0850     0.0150    -0.0250     0.0850     0.0000     0.0000     0.0000     0.0000     0.0000     0.0000
    0.0300    -0.2500    -0.0900     0.4150     0.0050     0.0550     0.0400     0.0350    -0.0850     0.0450     0.0850     0.0000     0.0000     0.0000     0.0000     0.0000
    0.6250    -0.0250    -0.1550    -0.1000     0.2300    -0.1950     0.0550     0.0000    -0.1000     0.0500     0.0450     0.0050     0.0000     0.0000     0.0000     0.0000
   -0.1950     0.1300     0.0650    -0.2950    -0.0150    -0.0950    -0.0300     0.0250    -0.0150     0.0850    -0.0300    -0.0300    -0.0350     0.0000     0.0000     0.0000
   -0.3800    -0.0400    -0.0050     0.0300    -0.0350     0.1800    -0.1550     0.0250     0.0350     0.0450    -0.0550     0.0100    -0.0800    -0.0950     0.0000     0.0000
    0.2000    -0.0050    -0.0350     0.2900    -0.0950     0.2100     0.0550    -0.0550     0.0500     0.0150    -0.0400     0.1000    -0.0150     0.0500     0.1850     0.0000
    0.3000    -0.0550     0.0000    -0.0050    -0.0300    -0.0700     0.1350    -0.0400    -0.1450    -0.0700     0.0550    -0.1700     0.1450     0.0900    -0.0050     0.0300
    0.0000     0.0000     0.0000     0.0000     0.0000     0.0000     0.0000     0.0000     0.0000     0.0000     0.0000     0.0000     0.0000     0.0000     0.0000     0.0000
    0.0000     1.5750     0.0000     0.0000     0.0000     0.0000     0.0000     0.0000     0.0000     0.0000     0.0000     0.0000     0.0000     0.0000     0.0000     0.0000
    0.0000     0.5600    -0.5800     0.0000     0.0000     0.0000     0.0000     0.0000     0.0000     0.0000     0.0000     0.0000     0.0000     0.0000     0.0000     0.0000
    0.0000    -0.9900     0.4900     1.2500     0.0000     0.0000     0.0000     0.0000     0.0000     0.0000     0.0000     0.0000     0.0000     0.0000     0.0000     0.0000
    0.0000    -0.2050    -0.4450    -0.0100     0.4200     0.0000     0.0000     0.0000     0.0000     0.0000     0.0000     0.0000     0.0000     0.0000     0.0000     0.0000
    0.0000     0.8050     0.2050    -0.8000    -0.3250    -0.1250     0.0000     0.0000     0.0000     0.0000     0.0000     0.0000     0.0000     0.0000     0.0000     0.0000
    0.0000    -0.2050    -0.1850     0.0400    -0.1950     0.2050    -0.0700     0.0000     0.0000     0.0000     0.0000     0.0000     0.0000     0.0000     0.0000     0.0000
    0.0000    -0.1350     0.0200    -0.1100     0.0100     0.2850     0.2000    -0.1050     0.0000     0.0000     0.0000     0.0000     0.0000     0.0000     0.0000     0.0000
    0.0000    -0.0100     0.5800    -0.0050    -0.2900     0.1450     0.0150     0.0200    -0.1950     0.0000     0.0000     0.0000     0.0000     0.0000     0.0000     0.0000
    0.0000     0.0750    -0.0950     0.0900    -0.1400    -0.3400    -0.0600    -0.0550     0.0050    -0.0600     0.0000     0.0000     0.0000     0.0000     0.0000     0.0000
    0.0000    -0.3300    -0.2050     0.1850     0.1800    -0.2550    -0.0200    -0.0350    -0.0050    -0.0250    -0.0550     0.0000     0.0000     0.0000     0.0000     0.0000
    0.0000     0.0350    -0.1900    -0.1100     0.2100     0.1050     0.0250    -0.0250    -0.1300    -0.0050    -0.0900    -0.1150     0.0000     0.0000     0.0000     0.0000
    0.0000     0.5550     0.2150    -0.2000    -0.3350     0.1250    -0.0100     0.0500     0.0350    -0.0700    -0.0650     0.0700    -0.0250     0.0000     0.0000     0.0000
    0.0000    -0.2550    -0.1250     0.2800    -0.2800    -0.0950    -0.0550     0.0650     0.0700     0.1150     0.0150     0.1750     0.0250    -0.1100     0.0000     0.0000
    0.0000    -0.3750    -0.1250     0.0600     0.0900    -0.0550    -0.0250     0.0200    -0.0050     0.0850     0.0200    -0.1400     0.0000    -0.0950    -0.0300     0.0000
    0.0000     0.1350    -0.0250    -0.1200     0.1350    -0.0650     0.1600    -0.0850     0.0100    -0.1200     0.0250    -0.0250    -0.0200     0.0750    -0.0850     0.0900
